1 0.1775 0.8211115 0.04874999999999999 0.208889
1 0.31718749999999996 0.722778 0.033125000000000016 0.11444399999999999
1 0.37906249999999997 0.853889 0.033125000000000016 0.24333399999999994
1 0.45875 0.717222 0.05499999999999999 0.15222199999999997
1 0.450625 0.8222225000000001 0.03125 0.21111099999999994
1 0.5715625 0.846111 0.02937500000000004 0.25
1 0.639375 0.7605554999999999 0.050000000000000044 0.1944450000000001
1 0.675 0.8494444999999999 0.04375000000000007 0.22111099999999995
1 0.846875 0.8583335 0.05249999999999999 0.23444500000000001
1 0.8515625 0.755 0.059374999999999956 0.13666599999999995
1 0.8825000000000001 0.7211110000000001 0.06625000000000003 0.19555599999999995
1 0.9721875 0.795 0.05437500000000006 0.238888
