1 0.3815625 0.7461139999999999 0.148125 0.3074260000000001
1 0.2240625 0.6744384999999999 0.16437500000000002 0.2832469999999999
1 0.266875 0.6986185 0.16499999999999998 0.29879100000000003
1 0.4303125 0.5975820000000001 0.08937499999999998 0.18652799999999992
1 0.515 0.645078 0.04875000000000007 0.13644200000000006
1 0.579375 0.639033 0.14500000000000002 0.226252
1 0.6134375000000001 0.5734025 0.08187500000000003 0.202073
1 0.6590625 0.7089810000000001 0.11687500000000006 0.267702
1 0.8003125 0.5099309999999999 0.07437499999999997 0.22711599999999998
16 0.0128125 0.5600175 0.025625 0.15803099999999998
16 0.1884375 0.4227115 0.376875 0.258203
16 0.2871875 0.3462865 0.08687500000000001 0.081175
16 0.7328125 0.42616600000000004 0.5331250000000001 0.23057
