14 0.2265625 0.6625 0.164063 0.24791600000000003
16 0.1390625 0.6703125 0.023436999999999986 0.03645900000000002
16 0.40156250000000004 0.690625 0.19531300000000001 0.08124999999999993
16 0.535156 0.690104 0.025000000000000022 0.055208000000000035
16 0.547656 0.6953125 0.03125 0.059374999999999956
16 0.5878909999999999 0.7083335 0.09140599999999999 0.10208300000000003
16 0.649219 0.7151045 0.10624999999999996 0.11562499999999998
16 0.708203 0.715104 0.12890599999999997 0.161458
16 0.957422 0.7239585 0.08359399999999995 0.11666699999999997
16 0.984375 0.7338545 0.029687999999999937 0.109375
